x       cos(sqrt(x))    analytical'  forward difference' analytical''  forward difference'' 
0.1		   0.95042		  -0.49171		  -0.48760		   0.08250		   0.08167
0.2		   0.90166		  -0.48350		  -0.47943		   0.08168		   0.08087
0.3		   0.85371		  -0.47537		  -0.47134		   0.08086		   0.08005
0.4		   0.80658		  -0.46733		  -0.46334		   0.08005		   0.07924
0.5		   0.76024		  -0.45936		  -0.45541		   0.07924		   0.07844
0.6		   0.71470		  -0.45148		  -0.44757		   0.07844		   0.07764
0.7		   0.66995		  -0.44367		  -0.43981		   0.07764		   0.07686
0.8		   0.62597		  -0.43595		  -0.43212		   0.07685		   0.07607
0.9		   0.58275		  -0.42830		  -0.42451		   0.07607		   0.07529
1.0		   0.54030		  -0.42074		  -0.41698		   0.07529		   0.07452
1.1		   0.49860		  -0.41324		  -0.40953		   0.07452		   0.07375
1.2		   0.45765		  -0.40583		  -0.40216		   0.07375		   0.07299
1.3		   0.41744		  -0.39849		  -0.39486		   0.07299		   0.07223
1.4		   0.37795		  -0.39123		  -0.38763		   0.07224		   0.07149
1.5		   0.33919		  -0.38405		  -0.38049		   0.07148		   0.07074
1.6		   0.30114		  -0.37694		  -0.37341		   0.07074		   0.07000
1.7		   0.26380		  -0.36990		  -0.36641		   0.07000		   0.06927
1.8		   0.22716		  -0.36294		  -0.35948		   0.06927		   0.06854
1.9		   0.19121		  -0.35605		  -0.35263		   0.06854		   0.06781
2.0		   0.15594		  -0.34923		  -0.34585		   0.06781		   0.06710
2.1		   0.12136		  -0.34248		  -0.33914		   0.06710		   0.06638
2.2		   0.08744		  -0.33581		  -0.33250		   0.06638		   0.06568
2.3		   0.05419		  -0.32921		  -0.32593		   0.06568		   0.06497
2.4		   0.02160		  -0.32267		  -0.31944		   0.06497		   0.06428
2.5		  -0.01034		  -0.31621		  -0.31301		   0.06428		   0.06359
2.6		  -0.04164		  -0.30982		  -0.30665		   0.06358		   0.06290
2.7		  -0.07231		  -0.30349		  -0.30036		   0.06290		   0.06222
2.8		  -0.10234		  -0.29724		  -0.29414		   0.06222		   0.06154
2.9		  -0.13176		  -0.29105		  -0.28798		   0.06154		   0.06087
3.0		  -0.16056		  -0.28493		  -0.28190		   0.06087		   0.06020
3.1		  -0.18875		  -0.27888		  -0.27588		   0.06020		   0.05954
3.2		  -0.21633		  -0.27289		  -0.26992		   0.05954		   0.05888
3.3		  -0.24333		  -0.26697		  -0.26403		   0.05888		   0.05823
3.4		  -0.26973		  -0.26111		  -0.25821		   0.05823		   0.05759
3.5		  -0.29555		  -0.25532		  -0.25245		   0.05759		   0.05694
3.6		  -0.32080		  -0.24960		  -0.24676		   0.05694		   0.05631
3.7		  -0.34547		  -0.24393		  -0.24113		   0.05631		   0.05568
3.8		  -0.36958		  -0.23833		  -0.23556		   0.05567		   0.05505
3.9		  -0.39314		  -0.23280		  -0.23006		   0.05505		   0.05442
4.0		  -0.41615		  -0.22732		  -0.22461		   0.05442		   0.05381
4.1		  -0.43861		  -0.22191		  -0.21923		   0.05381		   0.05319
4.2		  -0.46053		  -0.21656		  -0.21391		   0.05319		   0.05259
4.3		  -0.48192		  -0.21127		  -0.20865		   0.05259		   0.05198
4.4		  -0.50279		  -0.20605		  -0.20346		   0.05198		   0.05139
4.5		  -0.52313		  -0.20088		  -0.19832		   0.05138		   0.05078
4.6		  -0.54297		  -0.19577		  -0.19324		   0.05079		   0.05020
4.7		  -0.56229		  -0.19072		  -0.18822		   0.05020		   0.04961
4.8		  -0.58111		  -0.18573		  -0.18326		   0.04961		   0.04904
4.9		  -0.59944		  -0.18080		  -0.17835		   0.04903		   0.04845
5.0		  -0.61727		  -0.17592		  -0.17351		   0.04846		   0.04788
5.1		  -0.63462		  -0.17111		  -0.16872		   0.04788		   0.04732
5.2		  -0.65150		  -0.16635		  -0.16399		   0.04732		   0.04675
5.3		  -0.66789		  -0.16164		  -0.15931		   0.04675		   0.04620
5.4		  -0.68383		  -0.15699		  -0.15469		   0.04620		   0.04563
5.5		  -0.69930		  -0.15240		  -0.15013		   0.04564		   0.04510
5.6		  -0.71431		  -0.14787		  -0.14562		   0.04509		   0.04455
5.7		  -0.72887		  -0.14338		  -0.14117		   0.04455		   0.04400
5.8		  -0.74299		  -0.13896		  -0.13677		   0.04400		   0.04347
5.9		  -0.75666		  -0.13458		  -0.13242		   0.04347		   0.04293
6.0		  -0.76991		  -0.13026		  -0.12813		   0.04293		   0.04240
6.1		  -0.78272		  -0.12600		  -0.12389		   0.04241		   0.04189
6.2		  -0.79511		  -0.12178		  -0.11970		   0.04188		   0.04136
6.3		  -0.80708		  -0.11762		  -0.11556		   0.04136		   0.04084
6.4		  -0.81863		  -0.11351		  -0.11148		   0.04085		   0.04034
6.5		  -0.82978		  -0.10945		  -0.10744		   0.04033		   0.03982
6.6		  -0.84052		  -0.10544		  -0.10346		   0.03983		   0.03933
6.7		  -0.85087		  -0.10149		  -0.09953		   0.03932		   0.03882
6.8		  -0.86082		  -0.09758		  -0.09565		   0.03882		   0.03833
6.9		  -0.87039		  -0.09372		  -0.09181		   0.03833		   0.03784
7.0		  -0.87957		  -0.08991		  -0.08803		   0.03784		   0.03735
7.1		  -0.88837		  -0.08615		  -0.08429		   0.03735		   0.03687
7.2		  -0.89680		  -0.08244		  -0.08061		   0.03686		   0.03638
7.3		  -0.90486		  -0.07878		  -0.07697		   0.03638		   0.03591
7.4		  -0.91256		  -0.07517		  -0.07338		   0.03591		   0.03543
7.5		  -0.91990		  -0.07160		  -0.06983		   0.03544		   0.03496
7.6		  -0.92688		  -0.06808		  -0.06634		   0.03497		   0.03451
7.7		  -0.93351		  -0.06460		  -0.06289		   0.03450		   0.03404
7.8		  -0.93980		  -0.06118		  -0.05948		   0.03404		   0.03359
7.9		  -0.94575		  -0.05780		  -0.05612		   0.03359		   0.03313
8.0		  -0.95136		  -0.05446		  -0.05281		   0.03313		   0.03269
8.1		  -0.95664		  -0.05117		  -0.04954		   0.03268		   0.03223
8.2		  -0.96160		  -0.04792		  -0.04632		   0.03224		   0.03180
8.3		  -0.96623		  -0.04472		  -0.04314		   0.03180		   0.03136
8.4		  -0.97054		  -0.04156		  -0.04000		   0.03136		   0.03093
8.5		  -0.97454		  -0.03845		  -0.03691		   0.03092		   0.03049
8.6		  -0.97824		  -0.03538		  -0.03386		   0.03049		   0.03006
8.7		  -0.98162		  -0.03235		  -0.03085		   0.03007		   0.02965
8.8		  -0.98471		  -0.02936		  -0.02789		   0.02964		   0.02922
8.9		  -0.98750		  -0.02642		  -0.02497		   0.02922		   0.02880
9.0		  -0.98999		  -0.02352		  -0.02209		   0.02881		   0.02840
9.1		  -0.99220		  -0.02066		  -0.01925		   0.02839		   0.02798
9.2		  -0.99413		  -0.01784		  -0.01645		   0.02798		   0.02758
9.3		  -0.99577		  -0.01506		  -0.01369		   0.02758		   0.02718
9.4		  -0.99714		  -0.01233		  -0.01097		   0.02718		   0.02677
9.5		  -0.99824		  -0.00963		  -0.00830		   0.02678		   0.02638
9.6		  -0.99907		  -0.00697		  -0.00566		   0.02638		   0.02599
9.7		  -0.99963		  -0.00435		  -0.00306		   0.02599		   0.02560
9.8		  -0.99994		  -0.00177		  -0.00050		   0.02560		   0.02521
9.9		  -0.99999		   0.00077		   0.00202		   0.02521		   0.02483
10.0		  -0.99979		   0.00327		   0.00451		   0.02483		   0.02446
10.1		  -0.99934		   0.00573		   0.00695		   0.02445		   0.02407
10.2		  -0.99864		   0.00816		   0.00936		   0.02408		   0.02370
10.3		  -0.99770		   0.01055		   0.01173		   0.02370		   0.02334
10.4		  -0.99653		   0.01290		   0.01406		   0.02333		   0.02297
10.5		  -0.99513		   0.01522		   0.01636		   0.02297		   0.02260
10.6		  -0.99349		   0.01750		   0.01862		   0.02261		   0.02225
10.7		  -0.99163		   0.01974		   0.02084		   0.02225		   0.02189
10.8		  -0.98954		   0.02195		   0.02303		   0.02189		   0.02154
10.9		  -0.98724		   0.02412		   0.02519		   0.02154		   0.02118
11.0		  -0.98472		   0.02625		   0.02731		   0.02119		   0.02084
11.1		  -0.98199		   0.02835		   0.02939		   0.02084		   0.02049
11.2		  -0.97905		   0.03042		   0.03144		   0.02050		   0.02016
11.3		  -0.97591		   0.03245		   0.03346		   0.02015		   0.01982
11.4		  -0.97256		   0.03445		   0.03544		   0.01982		   0.01948
11.5		  -0.96902		   0.03642		   0.03739		   0.01948		   0.01916
11.6		  -0.96528		   0.03835		   0.03930		   0.01915		   0.01882
11.7		  -0.96135		   0.04025		   0.04118		   0.01882		   0.01850
11.8		  -0.95723		   0.04211		   0.04303		   0.01850		   0.01817
11.9		  -0.95293		   0.04395		   0.04485		   0.01817		   0.01786
12.0		  -0.94844		   0.04575		   0.04664		   0.01785		   0.01753
12.1		  -0.94378		   0.04752		   0.04839		   0.01754		   0.01723
12.2		  -0.93894		   0.04925		   0.05011		   0.01722		   0.01690
12.3		  -0.93393		   0.05096		   0.05180		   0.01691		   0.01661
12.4		  -0.92875		   0.05264		   0.05346		   0.01660		   0.01630
12.5		  -0.92340		   0.05428		   0.05509		   0.01630		   0.01600
12.6		  -0.91789		   0.05590		   0.05669		   0.01599		   0.01569
12.7		  -0.91222		   0.05748		   0.05826		   0.01569		   0.01540
12.8		  -0.90640		   0.05904		   0.05980		   0.01540		   0.01510
12.9		  -0.90042		   0.06056		   0.06131		   0.01510		   0.01481
13.0		  -0.89429		   0.06206		   0.06279		   0.01481		   0.01452
13.1		  -0.88801		   0.06352		   0.06424		   0.01452		   0.01423
13.2		  -0.88158		   0.06496		   0.06567		   0.01424		   0.01396
13.3		  -0.87502		   0.06637		   0.06706		   0.01395		   0.01367
13.4		  -0.86831		   0.06775		   0.06843		   0.01367		   0.01340
13.5		  -0.86147		   0.06910		   0.06977		   0.01339		   0.01311
13.6		  -0.85449		   0.07043		   0.07108		   0.01312		   0.01285
13.7		  -0.84738		   0.07173		   0.07237		   0.01285		   0.01257
13.8		  -0.84015		   0.07300		   0.07362		   0.01258		   0.01231
13.9		  -0.83278		   0.07424		   0.07485		   0.01231		   0.01205
14.0		  -0.82530		   0.07546		   0.07606		   0.01204		   0.01178
14.1		  -0.81769		   0.07665		   0.07724		   0.01178		   0.01152
14.2		  -0.80997		   0.07782		   0.07839		   0.01152		   0.01126
14.3		  -0.80213		   0.07896		   0.07951		   0.01126		   0.01101
14.4		  -0.79418		   0.08007		   0.08062		   0.01101		   0.01076
14.5		  -0.78612		   0.08116		   0.08169		   0.01076		   0.01050
14.6		  -0.77795		   0.08222		   0.08274		   0.01051		   0.01026
14.7		  -0.76967		   0.08326		   0.08377		   0.01026		   0.01002
14.8		  -0.76130		   0.08427		   0.08477		   0.01001		   0.00976
14.9		  -0.75282		   0.08526		   0.08575		   0.00977		   0.00953
15.0		  -0.74424		   0.08623		   0.08670		   0.00953		   0.00929
15.1		  -0.73557		   0.08717		   0.08763		   0.00929		   0.00906
15.2		  -0.72681		   0.08808		   0.08853		   0.00906		   0.00882
15.3		  -0.71796		   0.08898		   0.08942		   0.00882		   0.00859
15.4		  -0.70902		   0.08985		   0.09028		   0.00859		   0.00836
15.5		  -0.69999		   0.09070		   0.09111		   0.00836		   0.00814
15.6		  -0.69088		   0.09152		   0.09193		   0.00814		   0.00792
15.7		  -0.68169		   0.09233		   0.09272		   0.00791		   0.00769
15.8		  -0.67241		   0.09311		   0.09349		   0.00769		   0.00747
15.9		  -0.66306		   0.09386		   0.09423		   0.00747		   0.00726
16.0		  -0.65364		   0.09460		   0.09496		   0.00726		   0.00704
16.1		  -0.64415		   0.09532		   0.09566		   0.00704		   0.00683
16.2		  -0.63458		   0.09601		   0.09635		   0.00683		   0.00662
16.3		  -0.62494		   0.09668		   0.09701		   0.00662		   0.00641
16.4		  -0.61524		   0.09733		   0.09765		   0.00641		   0.00620
16.5		  -0.60548		   0.09796		   0.09827		   0.00621		   0.00600
16.6		  -0.59565		   0.09857		   0.09887		   0.00600		   0.00581
16.7		  -0.58576		   0.09916		   0.09945		   0.00580		   0.00560
16.8		  -0.57582		   0.09973		   0.10001		   0.00560		   0.00540
16.9		  -0.56582		   0.10028		   0.10055		   0.00540		   0.00522
17.0		  -0.55576		   0.10081		   0.10107		   0.00521		   0.00501
17.1		  -0.54566		   0.10133		   0.10157		   0.00501		   0.00483
17.2		  -0.53550		   0.10182		   0.10206		   0.00482		   0.00464
17.3		  -0.52529		   0.10229		   0.10252		   0.00463		   0.00445
17.4		  -0.51504		   0.10274		   0.10296		   0.00445		   0.00426
17.5		  -0.50474		   0.10318		   0.10339		   0.00426		   0.00408
17.6		  -0.49440		   0.10360		   0.10380		   0.00408		   0.00390
17.7		  -0.48402		   0.10400		   0.10419		   0.00390		   0.00372
17.8		  -0.47361		   0.10438		   0.10456		   0.00372		   0.00354
17.9		  -0.46315		   0.10474		   0.10491		   0.00354		   0.00337
18.0		  -0.45266		   0.10509		   0.10525		   0.00337		   0.00320
18.1		  -0.44213		   0.10541		   0.10557		   0.00319		   0.00302
18.2		  -0.43158		   0.10572		   0.10587		   0.00302		   0.00286
18.3		  -0.42099		   0.10602		   0.10616		   0.00285		   0.00269
18.4		  -0.41037		   0.10630		   0.10643		   0.00269		   0.00252
18.5		  -0.39973		   0.10656		   0.10668		   0.00252		   0.00236
18.6		  -0.38906		   0.10680		   0.10692		   0.00236		   0.00219
18.7		  -0.37837		   0.10703		   0.10714		   0.00220		   0.00204
18.8		  -0.36766		   0.10724		   0.10734		   0.00204		   0.00188
18.9		  -0.35692		   0.10744		   0.10753		   0.00188		   0.00172
19.0		  -0.34617		   0.10762		   0.10770		   0.00172		   0.00157
19.1		  -0.33540		   0.10778		   0.10786		   0.00157		   0.00142
19.2		  -0.32461		   0.10793		   0.10800		   0.00142		   0.00126
19.3		  -0.31381		   0.10806		   0.10812		   0.00127		   0.00111
19.4		  -0.30300		   0.10818		   0.10824		   0.00112		   0.00097
19.5		  -0.29218		   0.10829		   0.10833		   0.00097		   0.00083
19.6		  -0.28135		   0.10838		   0.10842		   0.00082		   0.00068
19.7		  -0.27050		   0.10845		   0.10848		   0.00068		   0.00054
19.8		  -0.25966		   0.10851		   0.10854		   0.00054		   0.00040
19.9		  -0.24880		   0.10856		   0.10858		   0.00040		   0.00026
20.0		  -0.23794		   0.10859		   0.10860		   0.00026		   0.00012
20.1		  -0.22708		   0.10861		   0.10862		   0.00012		  -0.00001
20.2		  -0.21622		   0.10862		   0.10861		  -0.00001		  -0.00015
20.3		  -0.20536		   0.10861		   0.10860		  -0.00015		  -0.00028
20.4		  -0.19450		   0.10859		   0.10857		  -0.00028		  -0.00041
20.5		  -0.18364		   0.10855		   0.10853		  -0.00041		  -0.00053
20.6		  -0.17279		   0.10851		   0.10848		  -0.00054		  -0.00066
20.7		  -0.16194		   0.10845		   0.10841		  -0.00066		  -0.00079
20.8		  -0.15110		   0.10837		   0.10833		  -0.00079		  -0.00091
20.9		  -0.14027		   0.10829		   0.10824		  -0.00091		  -0.00103
21.0		  -0.12944		   0.10819		   0.10814		  -0.00103		  -0.00115
21.1		  -0.11863		   0.10808		   0.10802		  -0.00116		  -0.00128
21.2		  -0.10783		   0.10796		   0.10789		  -0.00127		  -0.00139
21.3		  -0.09704		   0.10783		   0.10776		  -0.00139		  -0.00151
21.4		  -0.08626		   0.10768		   0.10760		  -0.00151		  -0.00162
21.5		  -0.07550		   0.10752		   0.10744		  -0.00162		  -0.00174
21.6		  -0.06476		   0.10736		   0.10727		  -0.00174		  -0.00185
21.7		  -0.05403		   0.10718		   0.10708		  -0.00185		  -0.00196
21.8		  -0.04332		   0.10699		   0.10689		  -0.00196		  -0.00207
21.9		  -0.03263		   0.10679		   0.10668		  -0.00207		  -0.00217
22.0		  -0.02197		   0.10657		   0.10646		  -0.00217		  -0.00228
22.1		  -0.01132		   0.10635		   0.10624		  -0.00228		  -0.00238
22.2		  -0.00070		   0.10612		   0.10600		  -0.00238		  -0.00248
22.3		   0.00990		   0.10588		   0.10575		  -0.00248		  -0.00259
22.4		   0.02048		   0.10562		   0.10549		  -0.00259		  -0.00269
22.5		   0.03103		   0.10536		   0.10522		  -0.00269		  -0.00278
22.6		   0.04155		   0.10508		   0.10494		  -0.00278		  -0.00288
22.7		   0.05204		   0.10480		   0.10466		  -0.00288		  -0.00298
22.8		   0.06251		   0.10451		   0.10436		  -0.00298		  -0.00307
22.9		   0.07295		   0.10421		   0.10405		  -0.00307		  -0.00316
23.0		   0.08335		   0.10389		   0.10373		  -0.00316		  -0.00326
23.1		   0.09372		   0.10357		   0.10341		  -0.00326		  -0.00335
23.2		   0.10407		   0.10324		   0.10307		  -0.00335		  -0.00344
23.3		   0.11437		   0.10290		   0.10273		  -0.00344		  -0.00352
23.4		   0.12465		   0.10256		   0.10238		  -0.00352		  -0.00361
23.5		   0.13488		   0.10220		   0.10202		  -0.00361		  -0.00369
23.6		   0.14509		   0.10183		   0.10165		  -0.00369		  -0.00378
23.7		   0.15525		   0.10146		   0.10127		  -0.00378		  -0.00386
23.8		   0.16538		   0.10108		   0.10088		  -0.00386		  -0.00394
23.9		   0.17547		   0.10069		   0.10049		  -0.00394		  -0.00402
24.0		   0.18552		   0.10029		   0.10009		  -0.00402		  -0.00410
24.1		   0.19552		   0.09988		   0.09968		  -0.00410		  -0.00418
24.2		   0.20549		   0.09947		   0.09926		  -0.00418		  -0.00425
24.3		   0.21542		   0.09905		   0.09884		  -0.00425		  -0.00433
24.4		   0.22530		   0.09862		   0.09840		  -0.00433		  -0.00440
24.5		   0.23514		   0.09818		   0.09796		  -0.00440		  -0.00447
24.6		   0.24494		   0.09774		   0.09751		  -0.00448		  -0.00455
24.7		   0.25469		   0.09729		   0.09706		  -0.00455		  -0.00462
24.8		   0.26440		   0.09683		   0.09660		  -0.00462		  -0.00468
24.9		   0.27405		   0.09636		   0.09613		  -0.00469		  -0.00476
25.0		   0.28367		   0.09589		   0.09565		  -0.00475		  -0.00482
25.1		   0.29323		   0.09541		   0.09517		  -0.00482		  -0.00489
25.2		   0.30275		   0.09493		   0.09468		  -0.00489		  -0.00495
25.3		   0.31222		   0.09444		   0.09419		  -0.00495		  -0.00501
25.4		   0.32164		   0.09394		   0.09369		  -0.00501		  -0.00508
25.5		   0.33101		   0.09343		   0.09318		  -0.00508		  -0.00514
25.6		   0.34032		   0.09292		   0.09266		  -0.00514		  -0.00520
25.7		   0.34959		   0.09241		   0.09214		  -0.00520		  -0.00526
25.8		   0.35880		   0.09188		   0.09162		  -0.00526		  -0.00532
25.9		   0.36797		   0.09135		   0.09109		  -0.00532		  -0.00537
26.0		   0.37708		   0.09082		   0.09055		  -0.00537		  -0.00543
26.1		   0.38613		   0.09028		   0.09001		  -0.00543		  -0.00548
26.2		   0.39513		   0.08973		   0.08946		  -0.00548		  -0.00554
26.3		   0.40408		   0.08918		   0.08891		  -0.00554		  -0.00558
26.4		   0.41297		   0.08863		   0.08835		  -0.00559		  -0.00564
26.5		   0.42180		   0.08807		   0.08778		  -0.00564		  -0.00569
26.6		   0.43058		   0.08750		   0.08721		  -0.00569		  -0.00574
26.7		   0.43930		   0.08693		   0.08664		  -0.00574		  -0.00579
26.8		   0.44797		   0.08635		   0.08606		  -0.00579		  -0.00584
26.9		   0.45657		   0.08577		   0.08548		  -0.00584		  -0.00589
27.0		   0.46512		   0.08518		   0.08489		  -0.00588		  -0.00593
27.1		   0.47361		   0.08459		   0.08430		  -0.00593		  -0.00597
27.2		   0.48204		   0.08400		   0.08370		  -0.00597		  -0.00602
27.3		   0.49041		   0.08340		   0.08310		  -0.00602		  -0.00606
27.4		   0.49872		   0.08279		   0.08249		  -0.00606		  -0.00610
27.5		   0.50697		   0.08219		   0.08188		  -0.00610		  -0.00615
27.6		   0.51515		   0.08157		   0.08126		  -0.00614		  -0.00618
27.7		   0.52328		   0.08096		   0.08065		  -0.00618		  -0.00622
27.8		   0.53135		   0.08034		   0.08002		  -0.00622		  -0.00626
27.9		   0.53935		   0.07971		   0.07940		  -0.00626		  -0.00629
28.0		   0.54729		   0.07908		   0.07877		  -0.00630		  -0.00634
28.1		   0.55516		   0.07845		   0.07814		  -0.00634		  -0.00638
28.2		   0.56298		   0.07782		   0.07750		  -0.00637		  -0.00640
28.3		   0.57073		   0.07718		   0.07686		  -0.00641		  -0.00644
28.4		   0.57841		   0.07654		   0.07621		  -0.00644		  -0.00647
28.5		   0.58604		   0.07589		   0.07557		  -0.00647		  -0.00650
28.6		   0.59359		   0.07524		   0.07492		  -0.00650		  -0.00654
28.7		   0.60108		   0.07459		   0.07426		  -0.00654		  -0.00656
28.8		   0.60851		   0.07393		   0.07361		  -0.00657		  -0.00659
28.9		   0.61587		   0.07328		   0.07295		  -0.00660		  -0.00663
29.0		   0.62316		   0.07262		   0.07228		  -0.00662		  -0.00665
29.1		   0.63039		   0.07195		   0.07162		  -0.00665		  -0.00668
29.2		   0.63756		   0.07128		   0.07095		  -0.00668		  -0.00670
29.3		   0.64465		   0.07062		   0.07028		  -0.00671		  -0.00674
29.4		   0.65168		   0.06994		   0.06961		  -0.00673		  -0.00675
29.5		   0.65864		   0.06927		   0.06893		  -0.00676		  -0.00678
29.6		   0.66553		   0.06859		   0.06825		  -0.00678		  -0.00680
29.7		   0.67236		   0.06791		   0.06757		  -0.00680		  -0.00682
29.8		   0.67911		   0.06723		   0.06689		  -0.00683		  -0.00685
29.9		   0.68580		   0.06655		   0.06621		  -0.00685		   0.00000
30.0		   0.69242		   0.06586		   0.00000		  -0.00687		   0.00000
